16:29:32.040
sensor_bt_stop2009/1/30 16:29:27sensor_bt_startWrite Parametersparameters written.write datewrite rtc_get_millissensor_log_start done.4 -1 0 69
5 -15 0 70
6 64 0 71
1 151 0 72
4 -1 1 -
5 -14 1 -
6 64 1 -
1 151 1 -
4 -1 2 -
5 -14 2 -
6 64 2 -
1 151 2 -
4 -1 3 -
5 -16 3 -
6 65 3 -
1 151 3 -
4 -1 4 -
5 -15 4 -
6 64 4 -
1 151 4 -
4 -1 5 -
5 -14 5 -
6 65 5 -
1 151 5 -
4 -1 6 -
5 -14 6 -
6 65 6 -
1 151 6 -
4 -1 7 -
5 -14 7 -
6 65 7 -
1 151 7 -
4 -2 8 -
5 -16 8 -
6 64 8 -
1 151 8 -
4 -1 9 -
5 -16 9 -
6 64 9 -
1 151 9 -
4 -2 10 -
5 -15 10 -
6 63 10 -
1 151 10 -
4 -1 11 -
5 -16 11 -
6 63 11 -
1 151 11 -
4 -1 12 -
5 -17 12 -
6 64 12 -
1 150 12 -
4 -1 13 -
5 -15 13 -
6 63 13 -
1 150 13 -
4 -1 14 -
5 -15 14 -
6 63 14 -
1 151 14 -
4 -1 15 -
5 -16 15 -
6 63 15 -
1 151 15 -
4 -1 16 -
5 -16 16 -
6 63 16 -
1 151 16 -
4 -1 17 -
5 -14 17 -
6 63 17 -
1 151 17 -
4 -1 18 -
5 -15 18 -
6 63 18 -
1 151 18 -
4 -1 19 -
5 -16 19 -
6 63 19 -
1 151 19 -
4 -1 20 -
5 -15 20 -
6 63 20 -
1 151 20 -
4 -1 21 -
5 -15 21 -
6 64 21 -
1 151 21 -
4 -1 22 -
5 -14 22 -
6 64 22 -
1 151 22 -
4 -1 23 -
5 -14 23 -
6 64 23 -
1 151 23 -
4 -1 24 -
5 -16 24 -
6 65 24 -
1 151 24 -
4 -1 25 -
5 -15 25 -
6 64 25 -
1 151 25 -
4 -1 26 -
5 -15 26 -
6 64 26 -
1 151 26 -
4 -1 27 -
5 -14 27 -
6 65 27 -
1 151 27 -
4 -1 28 -
5 -14 28 -
6 64 28 -
1 151 28 -
4 -1 29 -
5 -15 29 -
6 64 29 -
1 151 29 -
4 -1 30 -
5 -15 30 -
6 64 30 -
1 152 30 -
4 -1 31 -
5 -15 31 -
6 64 31 -
1 151 31 -
4 -1 32 -
5 -14 32 -
6 64 32 -
1 152 32 -
4 -2 33 -
5 -14 33 -
6 64 33 -
1 152 33 -
4 -2 34 -
5 -14 34 -
6 65 34 -
1 153 34 -
4 -2 35 -
5 -15 35 -
6 65 35 -
1 153 35 -
4 -2 36 -
5 -14 36 -
6 65 36 -
1 153 36 -
4 -2 37 -
5 -11 37 -
6 64 37 -
1 154 37 -
4 -2 38 -
5 -8 38 -
6 65 38 -
1 154 38 -
4 -2 39 -
5 -8 39 -
6 64 39 -
1 154 39 -
4 -2 40 -
5 -12 40 -
6 64 40 -
1 154 40 -
4 -2 41 -
5 -16 41 -
6 64 41 -
1 154 41 -
4 -2 42 -
5 -16 42 -
6 64 42 -
1 154 42 -
4 -2 43 -
5 -15 43 -
6 64 43 -
1 155 43 -
4 -1 44 -
5 -14 44 -
6 64 44 -
1 155 44 -
4 -1 45 -
5 -13 45 -
6 65 45 -
1 155 45 -
4 -1 46 -
5 -10 46 -
6 65 46 -
1 156 46 -
4 -1 47 -
5 -7 47 -
6 65 47 -
1 156 47 -
4 -2 48 -
5 -6 48 -
6 64 48 -
1 157 48 -
4 -2 49 -
5 -8 49 -
6 64 49 -
1 157 49 -
4 -2 50 -
5 -9 50 -
6 65 50 -
1 157 50 -
4 -2 51 -
5 -9 51 -
6 66 51 -
1 158 51 -
4 -2 52 -
5 -7 52 -
6 65 52 -
1 158 52 -
4 -2 53 -
5 -5 53 -
6 65 53 -
1 158 53 -
4 -1 54 -
5 -6 54 -
6 66 54 -
1 157 54 -
4 -1 55 -
5 -6 55 -
6 66 55 -
1 157 55 -
4 -2 56 -
5 -9 56 -
6 65 56 -
1 157 56 -
4 -2 57 -
5 -11 57 -
6 66 57 -
1 156 57 -
4 -1 58 -
5 -14 58 -
6 67 58 -
1 156 58 -
4 -1 59 -
5 -11 59 -
6 65 59 -
1 156 59 -
4 -1 60 -
5 -7 60 -
6 65 60 -
1 156 60 -
4 -2 61 -
5 -7 61 -
6 64 61 -
1 156 61 -
4 -2 62 -
5 -9 62 -
6 64 62 -
1 155 62 -
4 -2 63 -
5 -10 63 -
6 63 63 -
1 156 63 -
4 -2 64 -
5 -12 64 -
6 63 64 -
1 156 64 -
4 -1 65 -
5 -12 65 -
6 62 65 -
1 155 65 -
4 -1 66 -
5 -11 66 -
6 63 66 -
1 155 66 -
4 -1 67 -
5 -9 67 -
6 61 67 -
1 155 67 -
4 -2 68 -
5 -12 68 -
6 63 68 -
1 154 68 -
4 -1 69 -
5 -15 69 -
6 65 69 -
1 154 69 -
4 -1 70 -
5 -17 70 -
6 65 70 -
1 154 70 -
4 0 71 -
5 -15 71 -
6 65 71 -
1 154 71 -
4 0 72 -
5 -11 72 -
6 66 72 -
1 154 72 -
4 0 73 -
5 -10 73 -
6 65 73 -
1 154 73 -
4 -1 74 -
5 -11 74 -
6 66 74 -
1 153 74 -
4 -1 75 -
5 -14 75 -
6 66 75 -
1 153 75 -
4 0 76 -
5 -15 76 -
6 66 76 -
1 153 76 -
4 0 77 -
5 -14 77 -
6 65 77 -
1 153 77 -
4 -1 78 -
5 -12 78 -
6 65 78 -
1 153 78 -
4 -1 79 -
5 -13 79 -
6 65 79 -
1 153 79 -
4 -1 80 -
5 -14 80 -
6 64 80 -
1 153 80 -
4 -1 81 -
5 -15 81 -
6 64 81 -
1 153 81 -
4 -1 82 -
5 -15 82 -
6 64 82 -
1 153 82 -
4 -1 83 -
5 -14 83 -
6 64 83 -
1 152 83 -
4 0 84 -
5 -13 84 -
6 63 84 -
1 152 84 -
4 0 85 -
5 -12 85 -
6 63 85 -
1 152 85 -
4 -1 86 -
5 -13 86 -
6 63 86 -
1 152 86 -
4 0 87 -
5 -16 87 -
6 65 87 -
1 151 87 -
4 1 88 -
5 -16 88 -
6 65 88 -
1 151 88 -
4 1 89 -
5 -13 89 -
6 64 89 -
1 151 89 -
4 1 90 -
5 -14 90 -
6 65 90 -
1 151 90 -
4 1 91 -
5 -14 91 -
6 65 91 -
1 151 91 -
4 1 92 -
5 -15 92 -
6 65 92 -
1 150 92 -
4 1 93 -
5 -15 93 -
6 65 93 -
1 151 93 -
4 1 94 -
5 -15 94 -
6 65 94 -
1 151 94 -
4 1 95 -
5 -13 95 -
6 64 95 -
1 151 95 -
4 1 96 -
5 -14 96 -
6 65 96 -
1 151 96 -
4 0 97 -
5 -15 97 -
6 65 97 -
1 151 97 -
4 0 98 -
5 -14 98 -
6 64 98 -
1 151 98 -
4 0 99 -
5 -14 99 -
6 64 99 -
1 151 99 -
4 0 100 -
5 -15 100 -
6 65 100 -
1 151 100 -
4 0 101 -
5 -13 101 -
6 64 101 -
1 151 101 -
4 0 102 -
5 -13 102 -
6 65 102 -
1 151 102 -
4 0 103 -
5 -15 103 -
6 64 103 -
1 151 103 -
4 1 104 -
5 -15 104 -
6 64 104 -
1 151 104 -
4 0 105 -
5 -15 105 -
6 65 105 -
1 151 105 -
4 1 106 -
5 -14 106 -
6 65 106 -
1 151 106 -
4 1 107 -
5 -13 107 -
6 64 107 -
1 151 107 -
4 0 108 -
5 -14 108 -
6 64 108 -
1 151 108 -
4 0 109 -
5 -14 109 -
6 64 109 -
1 151 109 -
4 0 110 -
5 -13 110 -
6 64 110 -
1 151 110 -
4 1 111 -
5 -14 111 -
6 65 111 -
1 151 111 -
4 1 112 -
5 -14 112 -
6 64 112 -
1 151 112 -
4 1 113 -
5 -13 113 -
6 64 113 -
1 151 113 -
4 0 114 -
5 -14 114 -
6 64 114 -
1 151 114 -
4 1 115 -
5 -14 115 -
6 64 115 -
1 151 115 -
4 1 116 -
5 -13 116 -
6 63 116 -
1 151 116 -
4 0 117 -
5 -15 117 -
6 64 117 -
1 151 117 -
4 0 118 -
5 -15 118 -
6 64 118 -
1 151 118 -
4 0 119 -
5 -13 119 -
6 63 119 -
1 151 119 -
4 0 120 -
5 -13 120 -
6 64 120 -
1 151 120 -
4 0 121 -
5 -13 121 -
6 63 121 -
1 151 121 -
4 0 122 -
5 -13 122 -
6 63 122 -
1 152 122 -
	16:29:34.261
4 0 123 -
5 -14 123 -
6 64 123 -
1 152 123 -
4 0 124 -
5 -14 124 -
6 64 124 -
1 152 124 -
4 0 125 -
5 -13 125 -
6 63 125 -
1 151 125 -
4 0 126 -
5 -12 126 -
6 64 126 -
1 151 126 -
4 0 127 -
5 -12 127 -
6 64 127 -
1 152 127 -
4 0 128 -
5 -13 128 -
6 64 128 -
1 152 128 -
4 0 129 -
5 -13 129 -
6 64 129 -
1 152 129 -
4 0 130 -
5 -13 130 -
6 65 130 -
1 152 130 -
4 0 131 -
5 -13 131 -
6 65 131 -
1 152 131 -
4 0 132 -
5 -13 132 -
6 65 132 -
1 152 132 -
4 0 133 -
5 -12 133 -
6 65 133 -
1 152 133 -
4 0 134 -
5 -13 134 -
6 65 134 -
1 153 134 -
4 1 135 -
5 -14 135 -
6 65 135 -
1 152 135 -
4 1 136 -
5 -14 136 -
6 64 136 -
1 152 136 -
4 1 137 -
5 -13 137 -
6 65 137 -
1 153 137 -
4 1 138 -
5 -11 138 -
6 64 138 -
1 153 138 -
4 1 139 -
5 -10 139 -
6 63 139 -
1 152 139 -
4 0 140 -
5 -12 140 -
6 64 140 -
1 153 140 -
4 1 141 -
5 -14 141 -
6 64 141 -
1 152 141 -
4 1 142 -
5 -15 142 -
6 63 142 -
1 153 142 -
4 1 143 -
5 -13 143 -
6 63 143 -
1 153 143 -
4 1 144 -
5 -12 144 -
6 64 144 -
1 153 144 -
4 1 145 -
5 -9 145 -
6 63 145 -
1 153 145 -
4 0 146 -
5 -10 146 -
6 65 146 -
1 154 146 -
4 0 147 -
5 -12 147 -
6 65 147 -
1 153 147 -
4 0 148 -
5 -13 148 -
6 65 148 -
1 154 148 -
4 0 149 -
5 -10 149 -
6 65 149 -
1 154 149 -
4 0 150 -
5 -9 150 -
6 65 150 -
1 154 150 -
4 0 151 -
5 -11 151 -
6 65 151 -
1 154 151 -
4 0 152 -
5 -12 152 -
6 65 152 -
1 154 152 -
4 0 153 -
5 -12 153 -
6 66 153 -
1 155 153 -
4 0 154 -
5 -9 154 -
6 66 154 -
1 154 154 -
4 0 155 -
5 -9 155 -
6 66 155 -
1 155 155 -
4 0 156 -
5 -8 156 -
6 66 156 -
1 155 156 -
4 0 157 -
5 -8 157 -
6 67 157 -
1 155 157 -
4 0 158 -
5 -10 158 -
6 67 158 -
1 155 158 -
4 -1 159 -
5 -10 159 -
6 66 159 -
1 155 159 -
4 -1 160 -
5 -10 160 -
6 66 160 -
1 155 160 -
4 -1 161 -
5 -9 161 -
6 66 161 -
1 156 161 -
4 -1 162 -
5 -7 162 -
6 66 162 -
1 156 162 -
4 -1 163 -
5 -6 163 -
6 66 163 -
1 156 163 -
4 0 164 -
5 -5 164 -
6 65 164 -
1 157 164 -
4 0 165 -
5 -4 165 -
6 64 165 -
1 157 165 -
4 -1 166 -
5 -6 166 -
6 64 166 -
1 157 166 -
4 0 167 -
5 -9 167 -
6 64 167 -
1 157 167 -
4 0 168 -
5 -10 168 -
6 64 168 -
1 157 168 -
4 0 169 -
5 -9 169 -
6 64 169 -
1 157 169 -
4 0 170 -
5 -6 170 -
6 64 170 -
1 157 170 -
4 0 171 -
5 -5 171 -
6 65 171 -
1 157 171 -
4 0 172 -
5 -7 172 -
6 65 172 -
1 157 172 -
4 0 173 -
5 -8 173 -
6 66 173 -
1 157 173 -
4 0 174 -
5 -8 174 -
6 66 174 -
1 157 174 -
4 0 175 -
5 -8 175 -
6 65 175 -
1 157 175 -
4 0 176 -
5 -7 176 -
6 65 176 -
1 157 176 -
4 0 177 -
5 -6 177 -
6 66 177 -
1 158 177 -
4 0 178 -
5 -6 178 -
6 65 178 -
1 157 178 -
4 0 179 -
5 -7 179 -
6 65 179 -
1 157 179 -
4 0 180 -
5 -8 180 -
6 65 180 -
1 157 180 -
4 0 181 -
5 -8 181 -
6 65 181 -
1 157 181 -
4 0 182 -
5 -7 182 -
6 65 182 -
1 157 182 -
4 0 183 -
5 -7 183 -
6 65 183 -
1 157 183 -
4 0 184 -
5 -8 184 -
6 65 184 -
1 157 184 -
4 0 185 -
5 -9 185 -
6 65 185 -
1 157 185 -
4 0 186 -
5 -9 186 -
6 66 186 -
1 157 186 -
4 -1 187 -
5 -9 187 -
6 66 187 -
1 158 187 -
4 -1 188 -
5 -8 188 -
6 66 188 -
1 158 188 -
4 -1 189 -
5 -7 189 -
6 66 189 -
1 158 189 -
4 -1 190 -
5 -7 190 -
6 66 190 -
1 158 190 -
4 -1 191 -
5 -5 191 -
6 66 191 -
1 158 191 -
4 -1 192 -
5 -6 192 -
6 66 192 -
1 158 192 -
4 -1 193 -
5 -8 193 -
6 66 193 -
1 158 193 -
4 -1 194 -
5 -8 194 -
6 65 194 -
1 158 194 -
4 -1 195 -
5 -7 195 -
6 66 195 -
1 159 195 -
4 -1 196 -
5 -6 196 -
6 65 196 -
1 158 196 -
4 -1 197 -
5 -5 197 -
6 65 197 -
1 159 197 -
4 -1 198 -
5 -5 198 -
6 64 198 -
1 159 198 -
4 -2 199 -
5 -7 199 -
6 65 199 -
1 159 199 -
4 -2 200 -
5 -7 200 -
6 65 200 -
1 159 200 -
4 -2 201 -
5 -8 201 -
6 65 201 -
1 159 201 -
4 -2 202 -
5 -7 202 -
6 64 202 -
1 159 202 -
4 -2 203 -
5 -5 203 -
6 65 203 -
1 158 203 -
4 -2 204 -
5 -6 204 -
6 65 204 -
1 158 204 -
4 -2 205 -
5 -7 205 -
6 65 205 -
1 159 205 -
4 -2 206 -
5 -8 206 -
6 65 206 -
1 159 206 -
4 -2 207 -
5 -8 207 -
6 66 207 -
1 159 207 -
4 -2 208 -
5 -7 208 -
6 66 208 -
1 159 208 -
4 -2 209 -
5 -8 209 -
6 66 209 -
1 158 209 -
4 -2 210 -
5 -8 210 -
6 66 210 -
1 159 210 -
4 -2 211 -
5 -7 211 -
6 66 211 -
1 159 211 -
4 -2 212 -
5 -7 212 -
6 66 212 -
1 159 212 -
4 -1 213 -
5 -7 213 -
6 65 213 -
1 159 213 -
4 -1 214 -
5 -7 214 -
6 64 214 -
1 158 214 -
4 -2 215 -
5 -10 215 -
6 65 215 -
1 159 215 -
4 -1 216 -
5 -11 216 -
6 65 216 -
1 158 216 -
4 -1 217 -
5 -11 217 -
6 65 217 -
1 158 217 -
4 0 218 -
5 -8 218 -
6 65 218 -
1 158 218 -
4 -1 219 -
5 -7 219 -
6 65 219 -
1 158 219 -
4 -1 220 -
5 -8 220 -
6 65 220 -
1 157 220 -
4 -1 221 -
5 -12 221 -
6 66 221 -
1 157 221 -
4 -1 222 -
5 -13 222 -
6 66 222 -
1 157 222 -
4 0 223 -
5 -11 223 -
6 66 223 -
1 156 223 -
4 -1 224 -
5 -10 224 -
6 65 224 -
1 156 224 -
4 -1 225 -
5 -11 225 -
6 66 225 -
1 156 225 -
4 -1 226 -
5 -13 226 -
6 66 226 -
1 156 226 -
4 -1 227 -
5 -13 227 -
6 65 227 -
1 156 227 -
4 -2 228 -
5 -13 228 -
6 65 228 -
1 156 228 -
4 -2 229 -
5 -13 229 -
6 66 229 -
1 156 229 -
4 -1 230 -
5 -11 230 -
6 64 230 -
1 156 230 -
4 -1 231 -
5 -9 231 -
6 64 231 -
1 156 231 -
4 -2 232 -
5 -11 232 -
6 64 232 -
1 156 232 -
4 -2 233 -
5 -14 233 -
6 65 233 -
1 156 233 -
4 -2 234 -
5 -14 234 -
6 64 234 -
1 156 234 -
4 -2 235 -
5 -10 235 -
6 63 235 -
1 156 235 -
4 -2 236 -
5 -10 236 -
6 64 236 -
1 156 236 -
4 -2 237 -
5 -13 237 -
6 65 237 -
1 156 237 -
4 -2 238 -
5 -13 238 -
6 64 238 -
1 156 238 -
4 -2 239 -
5 -12 239 -
6 64 239 -
1 156 239 -
4 -2 240 -
5 -12 240 -
6 65 240 -
1 156 240 -
4 -2 241 -
5 -14 241 -
6 65 241 -
1 155 241 -
4 -2 242 -
5 -14 242 -
6 65 242 -
1 156 242 -
4 -2 243 -
5 -14 243 -
6 66 243 -
1 155 243 -
4 -1 244 -
5 -12 244 -
6 64 244 -
1 156 244 -
4 -1 245 -
5 -12 245 -
6 64 245 -
1 156 245 -
4 -2 246 -
5 -15 246 -
6 65 246 -
1 155 246 -
4 -2 247 -
5 -15 247 -
6 64 247 -
1 155 247 -
	16:29:36.340
4 -2 248 -
5 -14 248 -
6 63 248 -
1 155 248 -
4 -2 249 -
5 -14 249 -
6 63 249 -
1 155 249 -
4 -2 250 -
5 -13 250 -
6 63 250 -
1 155 250 -
4 -2 251 -
5 -12 251 -
6 63 251 -
1 156 251 -
4 -2 252 -
5 -13 252 -
6 63 252 -
1 155 252 -
4 -2 253 -
5 -16 253 -
6 64 253 -
1 155 253 -
4 -2 254 -
5 -16 254 -
6 64 254 -
1 155 254 -
4 -2 255 -
5 -15 255 -
6 64 255 -
1 155 255 -
4 -2 256 4339
5 -13 256 4341
6 64 256 4342
1 154 256 4343
4 -2 257 -
5 -14 257 -
6 64 257 -
1 154 257 -
4 -2 258 -
5 -16 258 -
6 65 258 -
1 154 258 -
4 -1 259 -
5 -16 259 -
6 64 259 -
1 154 259 -
4 -1 260 -
5 -16 260 -
6 65 260 -
1 154 260 -
4 -1 261 -
5 -17 261 -
6 64 261 -
1 154 261 -
4 -1 262 -
5 -14 262 -
6 62 262 -
1 154 262 -
4 -1 263 -
5 -13 263 -
6 63 263 -
1 154 263 -
4 -1 264 -
5 -15 264 -
6 64 264 -
1 154 264 -
4 -1 265 -
5 -16 265 -
6 63 265 -
1 155 265 -
4 -1 266 -
5 -15 266 -
6 64 266 -
1 155 266 -
4 -1 267 -
5 -17 267 -
6 64 267 -
1 155 267 -
4 -1 268 -
5 -18 268 -
6 64 268 -
1 155 268 -
4 -2 269 -
5 -15 269 -
6 64 269 -
1 156 269 -
4 -2 270 -
5 -11 270 -
6 63 270 -
1 156 270 -
4 -2 271 -
5 -10 271 -
6 64 271 -
1 157 271 -
4 -2 272 -
5 -14 272 -
6 64 272 -
1 157 272 -
4 -2 273 -
5 -17 273 -
6 65 273 -
1 158 273 -
4 -3 274 -
5 -14 274 -
6 65 274 -
1 158 274 -
4 -3 275 -
5 -8 275 -
6 65 275 -
1 159 275 -
4 -4 276 -
5 -9 276 -
6 65 276 -
1 158 276 -
4 -5 277 -
5 -15 277 -
6 66 277 -
1 159 277 -
4 -4 278 -
5 -14 278 -
6 65 278 -
1 158 278 -
4 -5 279 -
5 -9 279 -
6 65 279 -
1 159 279 -
4 -4 280 -
5 -9 280 -
6 64 280 -
1 158 280 -
4 -4 281 -
5 -13 281 -
6 64 281 -
1 158 281 -
4 -4 282 -
5 -16 282 -
6 65 282 -
1 157 282 -
4 -4 283 -
5 -15 283 -
6 64 283 -
1 157 283 -
4 -4 284 -
5 -13 284 -
6 64 284 -
1 157 284 -
4 -4 285 -
5 -13 285 -
6 64 285 -
1 157 285 -
4 -3 286 -
5 -16 286 -
6 65 286 -
1 157 286 -
4 -3 287 -
5 -15 287 -
6 64 287 -
1 157 287 -
4 -3 288 -
5 -12 288 -
6 64 288 -
1 157 288 -
4 -3 289 -
5 -12 289 -
6 63 289 -
1 157 289 -
4 -3 290 -
5 -15 290 -
6 63 290 -
1 157 290 -
4 -3 291 -
5 -16 291 -
6 63 291 -
1 157 291 -
4 -3 292 -
5 -14 292 -
6 62 292 -
1 157 292 -
4 -3 293 -
5 -13 293 -
6 62 293 -
1 156 293 -
4 -3 294 -
5 -14 294 -
6 63 294 -
1 157 294 -
4 -3 295 -
5 -15 295 -
6 63 295 -
1 157 295 -
4 -3 296 -
5 -17 296 -
6 64 296 -
1 157 296 -
4 -3 297 -
5 -15 297 -
6 64 297 -
1 157 297 -
4 -3 298 -
5 -14 298 -
6 64 298 -
1 156 298 -
4 -3 299 -
5 -14 299 -
6 65 299 -
1 157 299 -
4 -3 300 -
5 -14 300 -
6 64 300 -
1 157 300 -
4 -3 301 -
5 -14 301 -
6 65 301 -
1 157 301 -
4 -4 302 -
5 -15 302 -
6 65 302 -
1 157 302 -
4 -3 303 -
5 -16 303 -
6 65 303 -
1 157 303 -
4 -3 304 -
5 -15 304 -
6 64 304 -
1 157 304 -
4 -3 305 -
5 -14 305 -
6 64 305 -
1 157 305 -
4 -3 306 -
5 -13 306 -
6 64 306 -
1 157 306 -
4 -3 307 -
5 -13 307 -
6 64 307 -
1 156 307 -
4 -4 308 -
5 -14 308 -
6 64 308 -
1 157 308 -
4 -4 309 -
5 -14 309 -
6 63 309 -
1 157 309 -
4 -4 310 -
5 -14 310 -
6 63 310 -
1 157 310 -
4 -3 311 -
5 -14 311 -
6 63 311 -
1 157 311 -
4 -3 312 -
5 -13 312 -
6 64 312 -
1 157 312 -
4 -3 313 -
5 -15 313 -
6 64 313 -
1 157 313 -
4 -3 314 -
5 -13 314 -
6 63 314 -
1 158 314 -
4 -3 315 -
5 -12 315 -
6 64 315 -
1 157 315 -
4 -3 316 -
5 -14 316 -
6 64 316 -
1 157 316 -
4 -3 317 -
5 -13 317 -
6 63 317 -
1 157 317 -
4 -3 318 -
5 -13 318 -
6 62 318 -
1 157 318 -
4 -2 319 -
5 -13 319 -
6 62 319 -
1 157 319 -
4 -2 320 -
5 -12 320 -
6 61 320 -
1 158 320 -
4 -2 321 -
5 -13 321 -
6 62 321 -
1 157 321 -
4 -1 322 -
5 -13 322 -
6 62 322 -
1 157 322 -
4 -2 323 -
5 -13 323 -
6 62 323 -
1 158 323 -
4 -1 324 -
5 -14 324 -
6 63 324 -
1 157 324 -
4 -1 325 -
5 -15 325 -
6 64 325 -
1 158 325 -
4 -1 326 -
5 -13 326 -
6 64 326 -
1 158 326 -
4 -1 327 -
5 -11 327 -
6 64 327 -
1 158 327 -
4 -2 328 -
5 -13 328 -
6 65 328 -
1 158 328 -
4 -1 329 -
5 -16 329 -
6 65 329 -
1 158 329 -
4 -1 330 -
5 -17 330 -
6 64 330 -
1 159 330 -
4 0 331 -
5 -18 331 -
6 65 331 -
1 160 331 -
4 1 332 -
5 -14 332 -
6 64 332 -
1 160 332 -
4 1 333 -
5 -10 333 -
6 62 333 -
1 162 333 -
4 1 334 -
5 -6 334 -
6 61 334 -
1 162 334 -
4 1 335 -
5 -4 335 -
6 59 335 -
1 163 335 -
4 1 336 -
5 -4 336 -
6 59 336 -
1 164 336 -
4 0 337 -
5 -5 337 -
6 58 337 -
1 165 337 -
4 -1 338 -
5 -6 338 -
6 59 338 -
1 165 338 -
4 0 339 -
5 -5 339 -
6 59 339 -
1 166 339 -
4 0 340 -
5 -4 340 -
6 59 340 -
1 166 340 -
4 0 341 -
5 -3 341 -
6 61 341 -
1 167 341 -
4 0 342 -
5 -3 342 -
6 62 342 -
1 168 342 -
4 0 343 -
5 -2 343 -
6 63 343 -
1 168 343 -
4 1 344 -
5 0 344 -
6 62 344 -
1 168 344 -
4 2 345 -
5 3 345 -
6 62 345 -
1 169 345 -
4 2 346 -
5 6 346 -
6 61 346 -
1 169 346 -
4 2 347 -
5 6 347 -
6 61 347 -
1 169 347 -
4 2 348 -
5 9 348 -
6 61 348 -
1 170 348 -
4 3 349 -
5 10 349 -
6 60 349 -
1 170 349 -
4 4 350 -
5 11 350 -
6 59 350 -
1 171 350 -
4 5 351 -
5 13 351 -
6 60 351 -
1 171 351 -
4 3 352 -
5 15 352 -
6 60 352 -
1 171 352 -
4 3 353 -
5 18 353 -
6 62 353 -
1 171 353 -
4 4 354 -
5 23 354 -
6 63 354 -
1 171 354 -
4 5 355 -
5 24 355 -
6 64 355 -
1 171 355 -
4 6 356 -
5 28 356 -
6 64 356 -
1 171 356 -
4 6 357 -
5 47 357 -
6 63 357 -
1 170 357 -
4 6 358 -
5 36 358 -
6 60 358 -
1 169 358 -
4 5 359 -
5 40 359 -
6 58 359 -
1 167 359 -
4 4 360 -
5 42 360 -
6 56 360 -
1 166 360 -
4 4 361 -
5 46 361 -
6 53 361 -
1 163 361 -
4 4 362 -
5 49 362 -
6 51 362 -
1 161 362 -
4 5 363 -
5 53 363 -
6 48 363 -
1 159 363 -
4 3 364 -
5 53 364 -
6 45 364 -
1 157 364 -
4 2 365 -
5 52 365 -
6 42 365 -
1 156 365 -
4 2 366 -
5 51 366 -
6 42 366 -
1 154 366 -
4 3 367 -
5 51 367 -
6 42 367 -
1 153 367 -
4 4 368 -
5 53 368 -
6 40 368 -
1 152 368 -
4 4 369 -
5 54 369 -
6 37 369 -
1 150 369 -
4 3 370 -
5 54 370 -
6 36 370 -
1 150 370 -
4 4 371 -
5 52 371 -
6 37 371 -
1 149 371 -
4 6 372 -
5 50 372 -
6 38 372 -
1 148 372 -
	16:29:38.420
4 7 373 -
5 52 373 -
6 35 373 -
1 146 373 -
4 9 374 -
5 60 374 -
6 28 374 -
1 145 374 -
4 7 375 -
5 70 375 -
6 24 375 -
1 145 375 -
4 6 376 -
5 63 376 -
6 31 376 -
1 146 376 -
4 7 377 -
5 47 377 -
6 42 377 -
1 147 377 -
4 8 378 -
5 39 378 -
6 47 378 -
1 147 378 -
4 9 379 -
5 38 379 -
6 45 379 -
1 147 379 -
4 9 380 -
5 43 380 -
6 41 380 -
1 146 380 -
4 9 381 -
5 51 381 -
6 36 381 -
1 145 381 -
4 8 382 -
5 56 382 -
6 34 382 -
1 144 382 -
4 8 383 -
5 56 383 -
6 35 383 -
1 144 383 -
4 8 384 -
5 53 384 -
6 37 384 -
1 144 384 -
4 8 385 -
5 46 385 -
6 38 385 -
1 144 385 -
4 9 386 -
5 42 386 -
6 37 386 -
1 145 386 -
4 10 387 -
5 50 387 -
6 39 387 -
1 145 387 -
4 11 388 -
5 60 388 -
6 39 388 -
1 144 388 -
4 11 389 -
5 68 389 -
6 37 389 -
1 144 389 -
4 10 390 -
5 69 390 -
6 37 390 -
1 144 390 -
4 10 391 -
5 65 391 -
6 38 391 -
1 143 391 -
4 11 392 -
5 62 392 -
6 40 392 -
1 144 392 -
4 10 393 -
5 55 393 -
6 41 393 -
1 145 393 -
4 10 394 -
5 50 394 -
6 41 394 -
1 146 394 -
4 12 395 -
5 47 395 -
6 43 395 -
1 147 395 -
4 14 396 -
5 48 396 -
6 63 396 -
1 148 396 -
4 15 397 -
5 46 397 -
6 52 397 -
1 149 397 -
4 16 398 -
5 43 398 -
6 55 398 -
1 149 398 -
4 17 399 -
5 39 399 -
6 54 399 -
1 150 399 -
4 17 400 -
5 38 400 -
6 50 400 -
1 150 400 -
4 18 401 -
5 42 401 -
6 46 401 -
1 150 401 -
4 18 402 -
5 44 402 -
6 43 402 -
1 150 402 -
4 17 403 -
5 48 403 -
6 42 403 -
1 150 403 -
4 17 404 -
5 47 404 -
6 42 404 -
1 150 404 -
4 16 405 -
5 46 405 -
6 44 405 -
1 150 405 -
4 16 406 -
5 45 406 -
6 45 406 -
1 150 406 -
4 15 407 -
5 44 407 -
6 45 407 -
1 150 407 -
4 15 408 -
5 44 408 -
6 45 408 -
1 150 408 -
4 15 409 -
5 44 409 -
6 44 409 -
1 150 409 -
4 16 410 -
5 45 410 -
6 43 410 -
1 150 410 -
4 16 411 -
5 46 411 -
6 43 411 -
1 149 411 -
4 16 412 -
5 46 412 -
6 43 412 -
1 150 412 -
4 17 413 -
5 46 413 -
6 43 413 -
1 150 413 -
4 17 414 -
5 46 414 -
6 43 414 -
1 150 414 -
4 17 415 -
5 45 415 -
6 44 415 -
1 150 415 -
4 17 416 -
5 45 416 -
6 44 416 -
1 150 416 -
4 16 417 -
5 44 417 -
6 44 417 -
1 150 417 -
4 16 418 -
5 44 418 -
6 45 418 -
1 150 418 -
4 16 419 -
5 44 419 -
6 45 419 -
1 150 419 -
4 16 420 -
5 44 420 -
6 45 420 -
1 150 420 -
4 16 421 -
5 44 421 -
6 45 421 -
1 150 421 -
4 16 422 -
5 45 422 -
6 44 422 -
1 150 422 -
4 16 423 -
5 45 423 -
6 44 423 -
1 150 423 -
4 16 424 -
5 45 424 -
6 44 424 -
1 151 424 -
4 16 425 -
5 45 425 -
6 44 425 -
1 150 425 -
4 16 426 -
5 45 426 -
6 44 426 -
1 150 426 -
4 16 427 -
5 45 427 -
6 44 427 -
1 150 427 -
4 16 428 -
5 45 428 -
6 44 428 -
1 150 428 -
4 16 429 -
5 44 429 -
6 44 429 -
1 150 429 -
4 16 430 -
5 44 430 -
6 44 430 -
1 150 430 -
4 16 431 -
5 45 431 -
6 44 431 -
1 149 431 -
4 16 432 -
5 45 432 -
6 44 432 -
1 150 432 -
4 16 433 -
5 45 433 -
6 44 433 -
1 150 433 -
4 16 434 -
5 45 434 -
6 44 434 -
1 150 434 -
4 16 435 -
5 45 435 -
6 44 435 -
1 149 435 -
4 16 436 -
5 45 436 -
6 44 436 -
1 150 436 -
4 16 437 -
5 44 437 -
6 44 437 -
1 149 437 -
4 16 438 -
5 44 438 -
6 44 438 -
1 150 438 -
4 16 439 -
5 44 439 -
6 44 439 -
1 150 439 -
4 16 440 -
5 44 440 -
6 44 440 -
1 150 440 -
4 16 441 -
5 45 441 -
6 44 441 -
1 150 441 -
4 16 442 -
5 45 442 -
6 44 442 -
1 150 442 -
4 16 443 -
5 46 443 -
6 44 443 -
1 150 443 -
4 16 444 -
5 45 444 -
6 44 444 -
1 150 444 -
4 16 445 -
5 45 445 -
6 44 445 -
1 150 445 -
4 16 446 -
5 45 446 -
6 44 446 -
1 149 446 -
4 16 447 -
5 45 447 -
6 44 447 -
1 150 447 -
4 16 448 -
5 45 448 -
6 44 448 -
1 150 448 -
4 16 449 -
5 45 449 -
6 44 449 -
1 150 449 -
4 16 450 -
5 45 450 -
6 44 450 -
1 150 450 -
4 17 451 -
5 45 451 -
6 44 451 -
1 150 451 -
4 16 452 -
5 45 452 -
6 44 452 -
1 149 452 -
4 16 453 -
5 45 453 -
6 44 453 -
1 149 453 -
4 16 454 -
5 44 454 -
6 44 454 -
1 149 454 -
4 16 455 -
5 45 455 -
6 44 455 -
1 150 455 -
4 16 456 -
5 44 456 -
6 44 456 -
1 149 456 -
4 16 457 -
5 44 457 -
6 44 457 -
1 149 457 -
4 17 458 -
5 45 458 -
6 44 458 -
1 149 458 -
4 16 459 -
5 45 459 -
6 44 459 -
1 149 459 -
4 16 460 -
5 45 460 -
6 43 460 -
1 149 460 -
4 16 461 -
5 45 461 -
6 44 461 -
1 150 461 -
4 16 462 -
5 45 462 -
6 44 462 -
1 150 462 -
4 16 463 -
5 45 463 -
6 44 463 -
1 149 463 -
4 16 464 -
5 45 464 -
6 44 464 -
1 150 464 -
4 16 465 -
5 45 465 -
6 44 465 -
1 149 465 -
4 16 466 -
5 44 466 -
6 44 466 -
1 149 466 -
4 16 467 -
5 45 467 -
6 44 467 -
1 150 467 -
4 16 468 -
5 45 468 -
6 44 468 -
1 149 468 -
4 16 469 -
5 45 469 -
6 44 469 -
1 149 469 -
4 16 470 -
5 45 470 -
6 44 470 -
1 150 470 -
4 16 471 -
5 45 471 -
6 43 471 -
1 149 471 -
4 17 472 -
5 45 472 -
6 43 472 -
1 149 472 -
4 17 473 -
5 45 473 -
6 44 473 -
1 149 473 -
4 16 474 -
5 45 474 -
6 44 474 -
1 149 474 -
4 16 475 -
5 45 475 -
6 44 475 -
1 149 475 -
4 16 476 -
5 45 476 -
6 44 476 -
1 149 476 -
4 16 477 -
5 45 477 -
6 44 477 -
1 149 477 -
4 16 478 -
5 45 478 -
6 43 478 -
1 149 478 -
4 16 479 -
5 45 479 -
6 44 479 -
1 149 479 -
4 16 480 -
5 45 480 -
6 44 480 -
1 149 480 -
4 16 481 -
5 45 481 -
6 44 481 -
1 149 481 -
4 16 482 -
5 45 482 -
6 44 482 -
1 149 482 -
4 16 483 -
5 45 483 -
6 44 483 -
1 149 483 -
4 16 484 -
5 45 484 -
6 44 484 -
1 149 484 -
4 16 485 -
5 45 485 -
6 44 485 -
1 149 485 -
4 16 486 -
5 45 486 -
6 44 486 -
1 150 486 -
4 17 487 -
5 45 487 -
6 44 487 -
1 149 487 -
4 17 488 -
5 45 488 -
6 44 488 -
1 150 488 -
4 17 489 -
5 45 489 -
6 44 489 -
1 149 489 -
4 16 490 -
5 45 490 -
6 43 490 -
1 150 490 -
4 16 491 -
5 45 491 -
6 44 491 -
1 149 491 -
4 16 492 -
5 45 492 -
6 44 492 -
1 150 492 -
4 16 493 -
5 45 493 -
6 44 493 -
1 149 493 -
4 16 494 -
5 45 494 -
6 44 494 -
1 149 494 -
4 16 495 -
5 45 495 -
6 44 495 -
1 149 495 -
4 17 496 -
5 45 496 -
6 44 496 -
1 149 496 -
4 17 497 -
5 45 497 -
6 43 497 -
1 150 497 -
	16:29:40.702
4 17 498 -
5 45 498 -
6 43 498 -
1 149 498 -
4 16 499 -
5 45 499 -
6 44 499 -
1 149 499 -
4 17 500 -
5 45 500 -
6 44 500 -
1 149 500 -
4 16 501 -
5 45 501 -
6 44 501 -
1 149 501 -
4 16 502 -
5 45 502 -
6 44 502 -
1 149 502 -
4 16 503 -
5 45 503 -
6 44 503 -
1 150 503 -
4 17 504 -
5 45 504 -
6 43 504 -
1 149 504 -
4 16 505 -
5 45 505 -
6 44 505 -
1 149 505 -
4 16 506 -
5 45 506 -
6 44 506 -
1 149 506 -
4 16 507 -
5 45 507 -
6 44 507 -
1 149 507 -
4 16 508 -
5 45 508 -
6 44 508 -
1 149 508 -
4 16 509 -
5 45 509 -
6 44 509 -
1 149 509 -
4 16 510 -
5 45 510 -
6 44 510 -
1 149 510 -
4 16 511 -
5 45 511 -
6 44 511 -
1 150 511 -
4 16 512 8606
5 45 512 8607
6 44 512 8609
1 150 512 8610
4 16 513 -
5 45 513 -
6 44 513 -
1 149 513 -
4 17 514 -
5 45 514 -
6 44 514 -
1 150 514 -
4 17 515 -
5 45 515 -
6 44 515 -
1 149 515 -
4 17 516 -
5 45 516 -
6 44 516 -
1 149 516 -
4 17 517 -
5 45 517 -
6 44 517 -
1 149 517 -
4 16 518 -
5 45 518 -
6 43 518 -
1 149 518 -
4 16 519 -
5 45 519 -
6 44 519 -
1 149 519 -
4 16 520 -
5 45 520 -
6 43 520 -
1 149 520 -
4 16 521 -
5 45 521 -
6 43 521 -
1 149 521 -
4 16 522 -
5 45 522 -
6 43 522 -
1 149 522 -
4 16 523 -
5 45 523 -
6 43 523 -
1 149 523 -
4 16 524 -
5 45 524 -
6 44 524 -
1 149 524 -
4 16 525 -
5 45 525 -
6 44 525 -
1 149 525 -
4 16 526 -
5 45 526 -
6 44 526 -
1 149 526 -
4 16 527 -
5 45 527 -
6 44 527 -
1 149 527 -
4 16 528 -
5 45 528 -
6 44 528 -
1 149 528 -
4 16 529 -
5 45 529 -
6 44 529 -
1 149 529 -
4 16 530 -
5 45 530 -
6 43 530 -
1 150 530 -
4 17 531 -
5 45 531 -
6 43 531 -
1 149 531 -
4 17 532 -
5 45 532 -
6 44 532 -
1 150 532 -
4 16 533 -
5 45 533 -
6 44 533 -
1 149 533 -
4 16 534 -
5 45 534 -
6 44 534 -
1 149 534 -
4 16 535 -
5 45 535 -
6 44 535 -
1 149 535 -
4 16 536 -
5 45 536 -
6 44 536 -
1 149 536 -
4 16 537 -
5 45 537 -
6 44 537 -
1 150 537 -
4 17 538 -
5 45 538 -
6 44 538 -
1 149 538 -
4 16 539 -
5 45 539 -
6 44 539 -
1 150 539 -
4 16 540 -
5 45 540 -
6 44 540 -
1 149 540 -
4 16 541 -
5 45 541 -
6 44 541 -
1 149 541 -
4 16 542 -
5 45 542 -
6 43 542 -
1 149 542 -
4 16 543 -
5 45 543 -
6 44 543 -
1 150 543 -
4 16 544 -
5 45 544 -
6 44 544 -
1 149 544 -
4 16 545 -
5 45 545 -
6 44 545 -
1 149 545 -
4 16 546 -
5 45 546 -
6 44 546 -
1 149 546 -
4 16 547 -
5 45 547 -
6 44 547 -
1 149 547 -
4 17 548 -
5 46 548 -
6 43 548 -
1 149 548 -
4 17 549 -
5 45 549 -
6 44 549 -
1 149 549 -
4 16 550 -
5 44 550 -
6 44 550 -
1 149 550 -
4 16 551 -
5 44 551 -
6 44 551 -
1 149 551 -
4 16 552 -
5 44 552 -
6 44 552 -
1 149 552 -
4 16 553 -
5 45 553 -
6 44 553 -
1 149 553 -
4 16 554 -
5 45 554 -
6 44 554 -
1 149 554 -
4 16 555 -
5 45 555 -
6 44 555 -
1 149 555 -
4 16 556 -
5 45 556 -
6 43 556 -
1 149 556 -
4 17 557 -
5 45 557 -
6 44 557 -
1 149 557 -
4 17 558 -
5 45 558 -
6 44 558 -
1 149 558 -
4 17 559 -
5 44 559 -
6 44 559 -
1 149 559 -
4 16 560 -
5 44 560 -
6 44 560 -
1 149 560 -
4 16 561 -
5 44 561 -
6 44 561 -
1 149 561 -
4 16 562 -
5 45 562 -
6 44 562 -
1 149 562 -
4 16 563 -
5 45 563 -
6 44 563 -
1 149 563 -
4 16 564 -
5 45 564 -
6 44 564 -
1 149 564 -
4 16 565 -
5 45 565 -
6 44 565 -
1 149 565 -
4 16 566 -
5 45 566 -
6 44 566 -
1 149 566 -
4 16 567 -
5 44 567 -
6 43 567 -
1 149 567 -
4 16 568 -
5 45 568 -
6 44 568 -
1 149 568 -
4 16 569 -
5 45 569 -
6 44 569 -
1 149 569 -
4 16 570 -
5 45 570 -
6 44 570 -
1 149 570 -
4 16 571 -
5 46 571 -
6 44 571 -
1 148 571 -
4 16 572 -
5 45 572 -
6 44 572 -
1 149 572 -
4 17 573 -
5 44 573 -
6 44 573 -
1 148 573 -
4 17 574 -
5 44 574 -
6 44 574 -
1 148 574 -
4 17 575 -
5 44 575 -
6 43 575 -
1 148 575 -
4 17 576 -
5 44 576 -
6 44 576 -
1 148 576 -
4 17 577 -
5 44 577 -
6 43 577 -
1 148 577 -
4 17 578 -
5 44 578 -
6 44 578 -
1 148 578 -
4 17 579 -
5 44 579 -
6 44 579 -
1 148 579 -
4 17 580 -
5 44 580 -
6 44 580 -
1 148 580 -
4 17 581 -
5 44 581 -
6 44 581 -
1 148 581 -
4 16 582 -
5 45 582 -
6 44 582 -
1 148 582 -
4 17 583 -
5 45 583 -
6 44 583 -
1 148 583 -
4 17 584 -
5 45 584 -
6 44 584 -
1 148 584 -
4 17 585 -
5 44 585 -
6 44 585 -
1 148 585 -
4 17 586 -
5 44 586 -
6 44 586 -
1 148 586 -
4 17 587 -
5 45 587 -
6 44 587 -
1 147 587 -
4 17 588 -
5 44 588 -
6 44 588 -
1 148 588 -
4 17 589 -
5 44 589 -
6 44 589 -
1 147 589 -
4 17 590 -
5 44 590 -
6 44 590 -
1 147 590 -
4 17 591 -
5 44 591 -
6 44 591 -
1 148 591 -
4 16 592 -
5 45 592 -
6 44 592 -
1 148 592 -
4 17 593 -
5 45 593 -
6 44 593 -
1 148 593 -
4 16 594 -
5 45 594 -
6 44 594 -
1 147 594 -
4 17 595 -
5 45 595 -
6 44 595 -
1 148 595 -
4 17 596 -
5 45 596 -
6 44 596 -
1 147 596 -
4 17 597 -
5 45 597 -
6 44 597 -
1 147 597 -
4 17 598 -
5 45 598 -
6 44 598 -
1 147 598 -
4 17 599 -
5 45 599 -
6 44 599 -
1 147 599 -
4 17 600 -
5 44 600 -
6 44 600 -
1 147 600 -
4 17 601 -
5 45 601 -
6 44 601 -
1 147 601 -
4 16 602 -
5 45 602 -
6 44 602 -
1 147 602 -
4 16 603 -
5 45 603 -
6 44 603 -
1 147 603 -
4 16 604 -
5 45 604 -
6 44 604 -
1 147 604 -
4 16 605 -
5 44 605 -
6 44 605 -
1 147 605 -
4 16 606 -
5 45 606 -
6 44 606 -
1 147 606 -
4 17 607 -
5 45 607 -
6 44 607 -
1 147 607 -
4 17 608 -
5 45 608 -
6 44 608 -
1 147 608 -
4 17 609 -
5 44 609 -
6 44 609 -
1 147 609 -
4 17 610 -
5 44 610 -
6 44 610 -
1 147 610 -
4 17 611 -
5 44 611 -
6 44 611 -
1 147 611 -
4 17 612 -
5 44 612 -
6 44 612 -
1 146 612 -
4 17 613 -
5 44 613 -
6 44 613 -
1 144 613 -
4 17 614 -
5 45 614 -
6 44 614 -
1 144 614 -
4 17 615 -
5 45 615 -
6 44 615 -
1 144 615 -
4 17 616 -
5 44 616 -
6 44 616 -
1 145 616 -
4 17 617 -
5 44 617 -
6 44 617 -
1 146 617 -
4 17 618 -
5 44 618 -
6 44 618 -
1 145 618 -
4 17 619 -
5 44 619 -
6 44 619 -
1 144 619 -
4 17 620 -
5 44 620 -
6 44 620 -
1 140 620 -
4 17 621 -
5 44 621 -
6 44 621 -
1 139 621 -
4 17 622 -
5 45 622 -
6 44 622 -
1 137 622 -
	16:29:42.625
4 16 623 -
5 45 623 -
6 44 623 -
1 136 623 -
4 16 624 -
5 46 624 -
6 44 624 -
1 135 624 -
4 17 625 -
5 45 625 -
6 44 625 -
1 135 625 -
4 16 626 -
5 44 626 -
6 44 626 -
1 134 626 -
4 17 627 -
5 43 627 -
6 45 627 -
1 134 627 -
4 17 628 -
5 44 628 -
6 44 628 -
1 132 628 -
4 17 629 -
5 44 629 -
6 44 629 -
1 131 629 -
4 17 630 -
5 45 630 -
6 44 630 -
1 130 630 -
4 17 631 -
5 45 631 -
6 44 631 -
1 128 631 -
4 17 632 -
5 45 632 -
6 44 632 -
1 127 632 -
4 17 633 -
5 44 633 -
6 44 633 -
1 126 633 -
4 17 634 -
5 44 634 -
6 44 634 -
1 124 634 -
4 17 635 -
5 44 635 -
6 44 635 -
1 124 635 -
4 17 636 -
5 44 636 -
6 44 636 -
1 123 636 -
4 17 637 -
5 44 637 -
6 44 637 -
1 124 637 -
4 17 638 -
5 44 638 -
6 44 638 -
1 124 638 -
4 17 639 -
5 44 639 -
6 44 639 -
1 123 639 -
4 17 640 -
5 44 640 -
6 44 640 -
1 123 640 -
4 17 641 -
5 44 641 -
6 44 641 -
1 123 641 -
4 17 642 -
5 44 642 -
6 45 642 -
1 123 642 -
4 17 643 -
5 44 643 -
6 45 643 -
1 123 643 -
4 17 644 -
5 44 644 -
6 45 644 -
1 123 644 -
4 17 645 -
5 44 645 -
6 45 645 -
1 122 645 -
4 17 646 -
5 44 646 -
6 45 646 -
1 123 646 -
4 17 647 -
5 44 647 -
6 44 647 -
1 123 647 -
4 17 648 -
5 45 648 -
6 44 648 -
1 123 648 -
4 17 649 -
5 45 649 -
6 44 649 -
1 123 649 -
4 17 650 -
5 45 650 -
6 44 650 -
1 123 650 -
4 17 651 -
5 45 651 -
6 44 651 -
1 123 651 -
4 17 652 -
5 44 652 -
6 44 652 -
1 123 652 -
4 18 653 -
5 44 653 -
6 44 653 -
1 123 653 -
4 17 654 -
5 44 654 -
6 44 654 -
1 123 654 -
4 17 655 -
5 45 655 -
6 44 655 -
1 123 655 -
4 16 656 -
5 45 656 -
6 44 656 -
1 123 656 -
4 17 657 -
5 45 657 -
6 44 657 -
1 123 657 -
4 16 658 -
5 44 658 -
6 45 658 -
1 123 658 -
4 16 659 -
5 43 659 -
6 45 659 -
1 123 659 -
4 17 660 -
5 43 660 -
6 44 660 -
1 122 660 -
4 17 661 -
5 43 661 -
6 45 661 -
1 122 661 -
4 17 662 -
5 44 662 -
6 44 662 -
1 122 662 -
4 17 663 -
5 44 663 -
6 44 663 -
1 122 663 -
4 17 664 -
5 44 664 -
6 44 664 -
1 122 664 -
4 17 665 -
5 44 665 -
6 44 665 -
1 122 665 -
4 17 666 -
5 44 666 -
6 44 666 -
1 122 666 -
4 17 667 -
5 44 667 -
6 44 667 -
1 122 667 -
4 17 668 -
5 44 668 -
6 44 668 -
1 122 668 -
4 17 669 -
5 44 669 -
6 44 669 -
1 121 669 -
4 17 670 -
5 44 670 -
6 43 670 -
1 122 670 -
4 17 671 -
5 44 671 -
6 44 671 -
1 122 671 -
4 17 672 -
5 44 672 -
6 44 672 -
1 121 672 -
4 17 673 -
5 44 673 -
6 44 673 -
1 122 673 -
4 17 674 -
5 44 674 -
6 44 674 -
1 122 674 -
4 17 675 -
5 44 675 -
6 44 675 -
1 122 675 -
4 16 676 -
5 44 676 -
6 45 676 -
1 122 676 -
4 16 677 -
5 44 677 -
6 45 677 -
1 122 677 -
4 16 678 -
5 45 678 -
6 45 678 -
1 122 678 -
4 16 679 -
5 44 679 -
6 45 679 -
1 122 679 -
4 17 680 -
5 44 680 -
6 44 680 -
1 122 680 -
4 17 681 -
5 44 681 -
6 44 681 -
1 122 681 -
4 17 682 -
5 44 682 -
6 44 682 -
1 122 682 -
4 17 683 -
5 44 683 -
6 45 683 -
1 122 683 -
4 17 684 -
5 44 684 -
6 45 684 -
1 122 684 -
4 17 685 -
5 44 685 -
6 45 685 -
1 122 685 -
4 17 686 -
5 44 686 -
6 44 686 -
1 122 686 -
4 17 687 -
5 43 687 -
6 45 687 -
1 122 687 -
4 17 688 -
5 44 688 -
6 44 688 -
1 122 688 -
4 17 689 -
5 45 689 -
6 44 689 -
1 122 689 -
4 17 690 -
5 45 690 -
6 44 690 -
1 122 690 -
4 18 691 -
5 43 691 -
6 44 691 -
1 122 691 -
4 19 692 -
5 42 692 -
6 45 692 -
1 121 692 -
4 17 693 -
5 44 693 -
6 44 693 -
1 122 693 -
4 16 694 -
5 45 694 -
6 43 694 -
1 122 694 -
4 16 695 -
5 44 695 -
6 45 695 -
1 122 695 -
4 16 696 -
5 45 696 -
6 45 696 -
1 122 696 -
4 17 697 -
5 46 697 -
6 43 697 -
1 121 697 -
4 17 698 -
5 44 698 -
6 44 698 -
1 121 698 -
4 17 699 -
5 44 699 -
6 44 699 -
1 121 699 -
4 17 700 -
5 44 700 -
6 45 700 -
1 121 700 -
4 17 701 -
5 44 701 -
6 45 701 -
1 120 701 -
4 18 702 -
5 44 702 -
6 45 702 -
1 120 702 -
4 17 703 -
5 44 703 -
6 45 703 -
1 120 703 -
4 17 704 -
5 44 704 -
6 45 704 -
1 120 704 -
4 16 705 -
5 44 705 -
6 44 705 -
1 119 705 -
4 16 706 -
5 44 706 -
6 44 706 -
1 119 706 -
4 17 707 -
5 44 707 -
6 44 707 -
1 119 707 -
4 17 708 -
5 44 708 -
6 44 708 -
1 118 708 -
4 17 709 -
5 44 709 -
6 44 709 -
1 117 709 -
4 17 710 -
5 45 710 -
6 44 710 -
1 116 710 -
4 16 711 -
5 45 711 -
6 44 711 -
1 116 711 -
4 16 712 -
5 45 712 -
6 44 712 -
1 116 712 -
4 17 713 -
5 44 713 -
6 44 713 -
1 115 713 -
4 17 714 -
5 44 714 -
6 44 714 -
1 115 714 -
4 16 715 -
5 44 715 -
6 43 715 -
1 115 715 -
4 16 716 -
5 45 716 -
6 44 716 -
1 114 716 -
4 17 717 -
5 45 717 -
6 45 717 -
1 113 717 -
4 17 718 -
5 45 718 -
6 44 718 -
1 112 718 -
4 17 719 -
5 45 719 -
6 43 719 -
1 111 719 -
4 16 720 -
5 43 720 -
6 44 720 -
1 111 720 -
4 16 721 -
5 44 721 -
6 45 721 -
1 110 721 -
4 0 722 -
5 45 722 -
6 45 722 -
1 111 722 -
4 15 723 -
5 45 723 -
6 46 723 -
1 110 723 -
4 15 724 -
5 45 724 -
6 46 724 -
1 111 724 -
4 15 725 -
5 45 725 -
6 45 725 -
1 111 725 -
4 16 726 -
5 45 726 -
6 44 726 -
1 111 726 -
4 17 727 -
5 44 727 -
6 44 727 -
1 111 727 -
4 17 728 -
5 43 728 -
6 43 728 -
1 111 728 -
4 18 729 -
5 44 729 -
6 43 729 -
1 112 729 -
4 18 730 -
5 46 730 -
6 43 730 -
1 111 730 -
4 18 731 -
5 45 731 -
6 44 731 -
1 111 731 -
4 18 732 -
5 45 732 -
6 43 732 -
1 110 732 -
4 18 733 -
5 44 733 -
6 44 733 -
1 108 733 -
4 17 734 -
5 44 734 -
6 44 734 -
1 106 734 -
4 17 735 -
5 44 735 -
6 44 735 -
1 105 735 -
4 17 736 -
5 44 736 -
6 44 736 -
1 105 736 -
4 17 737 -
5 44 737 -
6 45 737 -
1 105 737 -
4 17 738 -
5 44 738 -
6 45 738 -
1 103 738 -
4 17 739 -
5 44 739 -
6 45 739 -
1 102 739 -
4 16 740 -
5 44 740 -
6 45 740 -
1 98 740 -
4 16 741 -
5 44 741 -
6 45 741 -
1 97 741 -
4 16 742 -
5 44 742 -
6 45 742 -
1 100 742 -
4 16 743 -
5 44 743 -
6 44 743 -
1 104 743 -
4 16 744 -
5 44 744 -
6 45 744 -
1 109 744 -
4 16 745 -
5 44 745 -
6 44 745 -
1 113 745 -
4 16 746 -
5 44 746 -
6 44 746 -
1 116 746 -
4 17 747 -
5 44 747 -
6 44 747 -
1 119 747 -
	16:29:44.689
